m: 30
TI: [ (1) 1.354082 1.285997 1.157933 0.565958 1.179507 1.396490 1.798991 1.295587 1.894312 1.289941 0.519305 0.622954 0.562798 1.931941 1.743277 0.641755 1.845149 1.288798 1.479388 1.071918 1.879659 1.849007 0.701849 0.751025 1.502805 1.381190 0.548097 1.513652 1.829207 1.495643]
C: [ (1) 1 1 1 1 1 1 1 1 1 1 1 1 1 1 1 1 1 1 1 1 1 1 1 1 1 1 1 1 1 1]
TB: [ (0 1) 0.000000 0.001370 0.001829 0.000000 0.000000 0.001358 0.000000 0.001551 0.000000 0.000000 0.000000 0.000000 0.000000 0.000000 0.000000 0.000000 0.000000 0.000000 0.000000 0.000000 0.000000 0.000000 0.000000 0.000000 0.000000 0.000000 0.000000 0.000000 0.000000 0.000000
      (1 1) 0.000000 0.000000 0.002302 0.005653 0.000000 0.000000 0.003823 0.000000 0.000000 0.000000 0.004579 0.000000 0.000000 0.000000 0.000000 0.000000 0.000000 0.000000 0.000000 0.000000 0.000000 0.000000 0.000000 0.000000 0.000000 0.000000 0.000000 0.000000 0.000000 0.000000
      (2 1) 0.000000 0.000000 0.000000 0.000000 0.000000 0.000000 0.000000 0.000000 0.000000 0.000000 0.002423 0.000000 0.000000 0.001081 0.000000 0.000000 0.000000 0.000000 0.000000 0.000000 0.000000 0.000000 0.000000 0.000000 0.000000 0.000000 0.000000 0.000000 0.000000 0.000000
      (3 1) 0.000973 0.000000 0.001315 0.000000 0.000000 0.000000 0.000000 0.003356 0.000000 0.000000 0.000000 0.000000 0.000000 0.000000 0.000000 0.000000 0.000000 0.000000 0.000000 0.000000 0.000000 0.000000 0.000000 0.000000 0.000000 0.000000 0.000000 0.000000 0.000000 0.000000
      (4 1) 0.001351 0.000000 0.003844 0.012774 0.000000 0.001051 0.001301 0.001874 0.001874 0.000000 0.000000 0.000000 0.052555 0.000000 0.000000 0.000000 0.000000 0.000000 0.000000 0.000000 0.000000 0.000000 0.000000 0.000000 0.000000 0.000000 0.000000 0.000000 0.000000 0.000000
      (5 1) 0.000000 0.002548 0.003502 0.001298 0.000000 0.000000 0.000000 0.001847 0.000000 0.000000 0.001587 0.000000 0.000000 0.011296 0.000000 0.000000 0.000000 0.000000 0.001798 0.002797 0.000000 0.000000 0.000000 0.000000 0.000000 0.000000 0.000000 0.000000 0.000000 0.000000
      (6 1) 0.001650 0.000000 0.009857 0.001750 0.000000 0.008689 0.000000 0.000000 0.000000 0.000000 0.000000 0.000000 0.000000 0.000000 0.000000 0.000000 0.000000 0.000000 0.000000 0.000000 0.000000 0.000000 0.000000 0.000000 0.000000 0.000000 0.000000 0.000000 0.000000 0.000000
      (7 1) 0.000000 0.000000 0.000000 0.000000 0.000000 0.000000 0.001010 0.000000 0.000000 0.000000 0.000000 0.000000 0.000000 0.000000 0.000000 0.000000 0.000000 0.000000 0.000000 0.002855 0.000000 0.003026 0.000000 0.000000 0.000000 0.000000 0.000000 0.000000 0.000000 0.000000
      (8 1) 0.004040 0.000000 0.016708 0.000000 0.000000 0.009638 0.002899 0.003224 0.000000 0.000000 0.001495 0.000000 0.002668 0.002684 0.001617 0.000000 0.026602 0.001503 0.000000 0.000000 0.000000 0.000000 0.000000 0.000000 0.000000 0.000000 0.000000 0.000000 0.000000 0.000000
      (9 1) 0.000000 0.000000 0.001645 0.000000 0.000000 0.001645 0.001393 0.001399 0.026560 0.000000 0.000000 0.000000 0.000000 0.001820 0.002681 0.000000 0.000000 0.000000 0.000000 0.000000 0.000000 0.000000 0.000000 0.000000 0.000000 0.000000 0.000000 0.000000 0.000000 0.000000
      (10 1) 0.001034 0.000000 0.000000 0.001443 0.009197 0.000000 0.015064 0.000000 0.000000 0.001319 0.000000 0.000000 0.000000 0.001422 0.000000 0.000000 0.000000 0.000000 0.000000 0.000000 0.000000 0.000000 0.000000 0.000000 0.000000 0.000000 0.000000 0.000000 0.000000 0.000000
      (11 1) 0.000000 0.000000 0.001072 0.000000 0.002295 0.000000 0.000000 0.000000 0.000000 0.000000 0.001000 0.000000 0.000000 0.000000 0.000000 0.000000 0.000000 0.000000 0.000000 0.000000 0.000000 0.000000 0.000000 0.000000 0.000000 0.000000 0.000000 0.000000 0.000000 0.000000
      (12 1) 0.003542 0.000000 0.000000 0.001061 0.000000 0.000000 0.006217 0.000976 0.000000 0.001992 0.008570 0.000000 0.000000 0.000000 0.001027 0.000000 0.000000 0.000000 0.001705 0.000000 0.000000 0.000000 0.000000 0.000000 0.000000 0.000000 0.000000 0.000000 0.000000 0.000000
      (13 1) 0.000000 0.000000 0.000000 0.004084 0.001315 0.000000 0.003186 0.001112 0.000000 0.000000 0.000000 0.011732 0.000000 0.000000 0.000000 0.000000 0.000000 0.002065 0.001544 0.000000 0.000000 0.000000 0.000000 0.000000 0.000000 0.000000 0.000000 0.000000 0.000000 0.000000
      (14 1) 0.000000 0.000000 0.000000 0.000996 0.001100 0.001180 0.001107 0.001984 0.000000 0.000000 0.000000 0.000000 0.000000 0.001733 0.000000 0.000000 0.000000 0.000000 0.000000 0.000000 0.000000 0.000000 0.000000 0.000000 0.000000 0.000000 0.000000 0.000000 0.000000 0.000000
      (15 1) 0.000000 0.000000 0.000000 0.002823 0.000000 0.001148 0.000000 0.000000 0.001068 0.000000 0.000000 0.000000 0.000000 0.000000 0.000000 0.000000 0.000000 0.000000 0.025510 0.000000 0.000000 0.000000 0.000000 0.000000 0.000000 0.000000 0.000000 0.000000 0.000000 0.000000
      (16 1) 0.000000 0.000000 0.000000 0.000000 0.001769 0.000000 0.001554 0.000000 0.000000 0.002036 0.000000 0.000000 0.001958 0.000000 0.000000 0.000000 0.000000 0.000000 0.000000 0.000000 0.000000 0.000000 0.000000 0.000000 0.000000 0.000000 0.000000 0.000000 0.000000 0.000000
      (17 1) 0.000000 0.000000 0.000000 0.000000 0.001294 0.008749 0.000000 0.000000 0.000000 0.000000 0.006505 0.000000 0.000000 0.000000 0.002201 0.000000 0.000000 0.000000 0.000000 0.000000 0.000000 0.000000 0.000000 0.000000 0.000000 0.000000 0.000000 0.000000 0.000000 0.000000
      (18 1) 0.001095 0.000000 0.000000 0.001792 0.001466 0.000000 0.004511 0.004725 0.001410 0.000000 0.003487 0.000000 0.000000 0.000000 0.000000 0.000000 0.001155 0.001049 0.000000 0.000000 0.000000 0.000000 0.000000 0.000000 0.000000 0.000000 0.000000 0.000000 0.000000 0.000000
      (19 1) 0.000000 0.000000 0.000000 0.000000 0.001247 0.000000 0.000000 0.000000 0.003637 0.000000 0.001781 0.000000 0.000000 0.000000 0.001139 0.000000 0.000000 0.001690 0.000000 0.000000 0.000000 0.000000 0.000000 0.000000 0.000000 0.000000 0.000000 0.000000 0.000000 0.000000
      (20 1) 0.000000 0.000000 0.000000 0.000000 0.001016 0.001525 0.002054 0.000000 0.001722 0.002960 0.000000 0.000000 0.000000 0.000000 0.000000 0.000000 0.000000 0.000000 0.000000 0.000000 0.000000 0.000000 0.000000 0.000000 0.000000 0.000000 0.000000 0.000000 0.000000 0.000000
      (21 1) 0.000000 0.000000 0.000000 0.024249 0.015491 0.000000 0.000000 0.000000 0.000000 0.002749 0.001408 0.000000 0.014381 0.000000 0.004159 0.000000 0.000000 0.001925 0.001301 0.000000 0.000000 0.000000 0.000000 0.000000 0.000000 0.000000 0.000000 0.000000 0.000000 0.000000
      (22 1) 0.000000 0.000000 0.000000 0.000000 0.000000 0.000000 0.001331 0.000000 0.000000 0.000000 0.000000 0.000000 0.000000 0.000000 0.000000 0.000000 0.000000 0.000000 0.000000 0.000000 0.000000 0.000000 0.000000 0.000000 0.000000 0.000000 0.000000 0.000000 0.000000 0.000000
      (23 1) 0.000000 0.000000 0.000000 0.000000 0.000000 0.000000 0.000000 0.000000 0.000000 0.000000 0.000000 0.000000 0.000000 0.004253 0.000000 0.000000 0.000000 0.000000 0.001318 0.000000 0.000000 0.000000 0.000000 0.000000 0.001785 0.000000 0.000000 0.000000 0.000000 0.000000
      (24 1) 0.000000 0.000000 0.000000 0.001168 0.027347 0.000000 0.000000 0.000000 0.000000 0.001134 0.000000 0.000000 0.000000 0.000000 0.000000 0.000000 0.000000 0.000000 0.000000 0.001909 0.000000 0.000000 0.000000 0.000000 0.000000 0.000000 0.000000 0.000000 0.000000 0.000000
      (25 1) 0.000000 0.000000 0.000000 0.000000 0.000000 0.000000 0.000000 0.000000 0.000000 0.000000 0.000000 0.037830 0.000000 0.000000 0.000000 0.000000 0.005723 0.000000 0.000000 0.000000 0.000000 0.000000 0.000000 0.000000 0.000000 0.000000 0.000000 0.000000 0.000000 0.000000
      (26 1) 0.000000 0.000000 0.000000 0.000000 0.000000 0.000000 0.000000 0.000000 0.000000 0.001157 0.000000 0.000000 0.000000 0.000000 0.000000 0.000000 0.000000 0.000000 0.000000 0.000000 0.000000 0.000000 0.000000 0.000000 0.000000 0.000000 0.000000 0.000000 0.000000 0.000000
      (27 1) 0.000000 0.000000 0.000000 0.000000 0.000000 0.000000 0.000000 0.001324 0.000000 0.000000 0.000000 0.000000 0.000000 0.000000 0.000000 0.000000 0.000000 0.000000 0.000000 0.000000 0.000000 0.000000 0.000000 0.000000 0.000000 0.000000 0.000000 0.000000 0.000000 0.000000
      (28 1) 0.000000 0.000000 0.000000 0.000000 0.000000 0.000000 0.001163 0.000000 0.000000 0.000000 0.000000 0.000000 0.000000 0.000000 0.000000 0.000000 0.000000 0.000000 0.000000 0.000000 0.000000 0.000000 0.000000 0.001466 0.000000 0.000000 0.000000 0.000000 0.000000 0.000000
      (29 1) 0.000000 0.000000 0.000000 0.000000 0.000000 0.000000 0.003092 0.000000 0.000000 0.000000 0.000000 0.000000 0.000000 0.000000 0.000000 0.000000 0.000000 0.000000 0.000000 0.000000 0.000000 0.000000 0.000000 0.001301 0.000000 0.000000 0.000000 0.000000 0.000000 0.000000
   ]
N: [ (0 1) 1 1 1 0 0 1 0 1 0 0 0 0 0 0 0 0 0 0 0 0 0 0 0 0 0 0 0 0 0 0
     (1 1) 0 1 1 1 0 0 1 0 0 0 1 0 0 0 0 0 0 0 0 0 0 0 0 0 0 0 0 0 0 0
     (2 1) 0 0 1 0 0 0 0 0 0 0 1 0 0 1 0 0 0 0 0 0 0 0 0 0 0 0 0 0 0 0
     (3 1) 1 0 1 1 0 0 0 1 0 0 0 0 0 0 0 0 0 0 0 0 0 0 0 0 0 0 0 0 0 0
     (4 1) 1 0 1 1 1 1 1 1 1 0 0 0 1 0 0 0 0 0 0 0 0 0 0 0 0 0 0 0 0 0
     (5 1) 0 1 1 1 0 1 0 1 0 0 1 0 0 1 0 0 0 0 1 1 0 0 0 0 0 0 0 0 0 0
     (6 1) 1 0 1 1 0 1 1 0 0 0 0 0 0 0 0 0 0 0 0 0 0 0 0 0 0 0 0 0 0 0
     (7 1) 0 0 0 0 0 0 1 1 0 0 0 0 0 0 0 0 0 0 0 1 0 1 0 0 0 0 0 0 0 0
     (8 1) 1 0 1 0 0 1 1 1 1 0 1 0 1 1 1 0 1 1 0 0 0 0 0 0 0 0 0 0 0 0
     (9 1) 0 0 1 0 0 1 1 1 1 1 0 0 0 1 1 0 0 0 0 0 0 0 0 0 0 0 0 0 0 0
     (10 1) 1 0 0 1 1 0 1 0 0 1 1 0 0 1 0 0 0 0 0 0 0 0 0 0 0 0 0 0 0 0
     (11 1) 0 0 1 0 1 0 0 0 0 0 1 1 0 0 0 0 0 0 0 0 0 0 0 0 0 0 0 0 0 0
     (12 1) 1 0 0 1 0 0 1 1 0 1 1 0 1 0 1 0 0 0 1 0 0 0 0 0 0 0 0 0 0 0
     (13 1) 0 0 0 1 1 0 1 1 0 0 0 1 0 1 0 0 0 1 1 0 0 0 0 0 0 0 0 0 0 0
     (14 1) 0 0 0 1 1 1 1 1 0 0 0 0 0 1 1 0 0 0 0 0 0 0 0 0 0 0 0 0 0 0
     (15 1) 0 0 0 1 0 1 0 0 1 0 0 0 0 0 0 1 0 0 1 0 0 0 0 0 0 0 0 0 0 0
     (16 1) 0 0 0 0 1 0 1 0 0 1 0 0 1 0 0 0 1 0 0 0 0 0 0 0 0 0 0 0 0 0
     (17 1) 0 0 0 0 1 1 0 0 0 0 1 0 0 0 1 0 0 1 0 0 0 0 0 0 0 0 0 0 0 0
     (18 1) 1 0 0 1 1 0 1 1 1 0 1 0 0 0 0 0 1 1 1 0 0 0 0 0 0 0 0 0 0 0
     (19 1) 0 0 0 0 1 0 0 0 1 0 1 0 0 0 1 0 0 1 0 1 0 0 0 0 0 0 0 0 0 0
     (20 1) 0 0 0 0 1 1 1 0 1 1 0 0 0 0 0 0 0 0 0 0 1 0 0 0 0 0 0 0 0 0
     (21 1) 0 0 0 1 1 0 0 0 0 1 1 0 1 0 1 0 0 1 1 0 0 1 0 0 0 0 0 0 0 0
     (22 1) 0 0 0 0 0 0 1 0 0 0 0 0 0 0 0 0 0 0 0 0 0 0 1 0 0 0 0 0 0 0
     (23 1) 0 0 0 0 0 0 0 0 0 0 0 0 0 1 0 0 0 0 1 0 0 0 0 1 1 0 0 0 0 0
     (24 1) 0 0 0 1 1 0 0 0 0 1 0 0 0 0 0 0 0 0 0 1 0 0 0 0 1 0 0 0 0 0
     (25 1) 0 0 0 0 0 0 0 0 0 0 0 1 0 0 0 0 1 0 0 0 0 0 0 0 0 1 0 0 0 0
     (26 1) 0 0 0 0 0 0 0 0 0 1 0 0 0 0 0 0 0 0 0 0 0 0 0 0 0 0 1 0 0 0
     (27 1) 0 0 0 0 0 0 0 1 0 0 0 0 0 0 0 0 0 0 0 0 0 0 0 0 0 0 0 1 0 0
     (28 1) 0 0 0 0 0 0 1 0 0 0 0 0 0 0 0 0 0 0 0 0 0 0 0 1 0 0 0 0 1 0
     (29 1) 0 0 0 0 0 0 1 0 0 0 0 0 0 0 0 0 0 0 0 0 0 0 0 1 0 0 0 0 0 1
   ]
TR: [ (1) 0.098388 0.001243 0.001515 0.004119 0.001465 0.001658 0.001713 0.002854 0.017210 0.001251 0.003584 0.003462 0.025248 0.007335 0.003352 0.001065 0.005581 0.002334 0.001314 0.009895 0.001761 0.001958 0.002050 0.001060 0.001260 0.028405 0.001967 0.002308 0.001059 0.001020]
