m: 40
TI: [ (1) 1.513174 1.874064 0.772258 1.071940 0.650076 1.079632 0.821319 0.858770 1.933350 1.917821 1.371395 1.263385 1.650139 0.669711 1.680849 0.953950 1.781473 1.229215 1.115653 1.874955 0.949445 1.576794 1.467951 1.542025 1.053947 0.980500 1.511822 1.560839 1.552542 1.836510 1.942371 0.742174 1.004072 1.976691 1.472908 0.556434 0.702953 0.653330 0.625244 1.157453]
C: [ (1) 1 1 1 1 1 1 1 1 1 1 1 1 1 1 1 1 1 1 1 1 1 1 1 1 1 1 1 1 1 1 1 1 1 1 1 1 1 1 1 1]
TB: [ (0 1) 0.000000 0.009543 0.001060 0.000000 0.000000 0.000970 0.000000 0.000000 0.000000 0.000000 0.000000 0.000000 0.002983 0.000000 0.000000 0.000000 0.000000 0.000000 0.000000 0.000000 0.000000 0.000000 0.000000 0.000000 0.000000 0.000000 0.000000 0.000000 0.000000 0.000000 0.000000 0.000000 0.000000 0.000000 0.000000 0.000000 0.000000 0.000000 0.000000 0.000000
      (1 1) 0.000000 0.000000 0.000000 0.000000 0.000984 0.000000 0.000000 0.000000 0.000000 0.000000 0.000000 0.000000 0.000000 0.002319 0.000000 0.000000 0.000000 0.000000 0.000000 0.000000 0.000000 0.000000 0.000000 0.000000 0.002726 0.000000 0.000000 0.000000 0.000000 0.000000 0.000000 0.000000 0.000000 0.000000 0.000000 0.000000 0.000000 0.000000 0.000000 0.000000
      (2 1) 0.000000 0.000000 0.000000 0.000000 0.000000 0.000000 0.008395 0.000000 0.001877 0.005929 0.000000 0.001217 0.000000 0.000000 0.000000 0.000000 0.000000 0.000000 0.000000 0.000000 0.000000 0.000000 0.000000 0.000000 0.000000 0.000000 0.000000 0.000000 0.000000 0.000000 0.000000 0.000000 0.000000 0.000000 0.000000 0.000000 0.000000 0.000000 0.000000 0.000000
      (3 1) 0.004180 0.000000 0.001017 0.000000 0.001144 0.000974 0.001047 0.002889 0.000000 0.000000 0.000000 0.001007 0.000000 0.000000 0.003670 0.000000 0.001241 0.000000 0.000000 0.000000 0.000000 0.000000 0.000000 0.000000 0.001784 0.000000 0.000000 0.000000 0.000000 0.000000 0.000000 0.000000 0.000000 0.000000 0.000000 0.000000 0.000000 0.000000 0.000000 0.000000
      (4 1) 0.001450 0.000000 0.000000 0.000000 0.000000 0.000000 0.000000 0.000000 0.000000 0.000000 0.000000 0.000000 0.000000 0.000000 0.001302 0.000000 0.000000 0.000000 0.000000 0.000000 0.000000 0.000000 0.000000 0.000000 0.000000 0.000000 0.000000 0.000000 0.000000 0.000000 0.000000 0.000000 0.000000 0.000000 0.000000 0.000000 0.000000 0.000000 0.000000 0.000000
      (5 1) 0.000000 0.000000 0.001857 0.000000 0.001753 0.000000 0.002762 0.000000 0.001096 0.000000 0.001411 0.000000 0.000000 0.000000 0.000000 0.000000 0.000000 0.001678 0.003576 0.000000 0.000000 0.000000 0.000000 0.000000 0.000000 0.000000 0.000000 0.000000 0.000000 0.000000 0.000000 0.000000 0.000000 0.000000 0.000000 0.000000 0.000000 0.000000 0.000000 0.000000
      (6 1) 0.001350 0.000000 0.000000 0.000000 0.003288 0.000000 0.000000 0.001493 0.000000 0.000000 0.000000 0.000000 0.000000 0.000000 0.001539 0.000000 0.000000 0.001400 0.000000 0.000000 0.000000 0.000000 0.000000 0.000000 0.000000 0.000000 0.000000 0.000000 0.000000 0.000000 0.000000 0.000000 0.000000 0.000000 0.001327 0.000000 0.000000 0.000000 0.000000 0.000000
      (7 1) 0.001956 0.000000 0.000000 0.000000 0.001345 0.001647 0.000000 0.000000 0.006923 0.001036 0.000000 0.000000 0.000000 0.000000 0.001412 0.000000 0.000000 0.000000 0.000000 0.000000 0.000000 0.000000 0.001534 0.000000 0.000000 0.000000 0.000000 0.000000 0.000000 0.000000 0.000000 0.000000 0.000000 0.000000 0.000000 0.000000 0.000000 0.000000 0.000000 0.000000
      (8 1) 0.002932 0.000000 0.000000 0.001268 0.004861 0.000000 0.001145 0.000000 0.000000 0.000000 0.001534 0.000000 0.000000 0.005699 0.002294 0.000000 0.000000 0.000000 0.000000 0.002677 0.000000 0.000000 0.000000 0.001306 0.000000 0.000000 0.000000 0.000000 0.000000 0.000000 0.000000 0.004128 0.000000 0.000000 0.000000 0.000000 0.000000 0.000000 0.000000 0.000000
      (9 1) 0.001114 0.000000 0.000000 0.003066 0.000998 0.003124 0.001221 0.000000 0.001008 0.000000 0.000000 0.002888 0.000000 0.000000 0.000000 0.001059 0.000000 0.000000 0.000000 0.009155 0.000000 0.000000 0.000000 0.000000 0.000000 0.000000 0.000000 0.000000 0.000000 0.000000 0.001190 0.000000 0.000000 0.000000 0.000000 0.000000 0.000000 0.000000 0.000000 0.000000
      (10 1) 0.002349 0.000000 0.002565 0.000000 0.097103 0.000000 0.035085 0.001054 0.000000 0.000000 0.000000 0.000000 0.007552 0.001347 0.001566 0.000000 0.001250 0.000000 0.000000 0.000000 0.000000 0.000000 0.000000 0.000000 0.000000 0.000000 0.000000 0.000000 0.000000 0.000000 0.000000 0.000000 0.000000 0.008409 0.000000 0.000000 0.000000 0.000000 0.000000 0.000000
      (11 1) 0.001311 0.000000 0.000000 0.000000 0.003119 0.000000 0.001879 0.001090 0.002724 0.000000 0.000000 0.000000 0.000000 0.001965 0.000000 0.000000 0.073185 0.000000 0.000000 0.000000 0.000000 0.000000 0.000000 0.004407 0.000000 0.000000 0.000000 0.000000 0.000000 0.000000 0.000000 0.000000 0.000000 0.000000 0.000000 0.000000 0.000000 0.000000 0.000000 0.000000
      (12 1) 0.000000 0.000000 0.000000 0.002279 0.001667 0.000000 0.004260 0.002973 0.017242 0.003631 0.000000 0.000000 0.000000 0.000000 0.001475 0.000000 0.000000 0.000000 0.000000 0.001224 0.000000 0.000000 0.000000 0.000000 0.000000 0.000000 0.000000 0.000000 0.001266 0.000000 0.000000 0.000000 0.000000 0.000000 0.000000 0.000000 0.000000 0.000000 0.000000 0.000000
      (13 1) 0.001479 0.000000 0.000000 0.000000 0.001710 0.000000 0.001948 0.000000 0.000000 0.000000 0.000000 0.000000 0.001178 0.000000 0.000000 0.000000 0.000000 0.000000 0.000000 0.001488 0.000000 0.000000 0.000000 0.000000 0.000000 0.000000 0.000000 0.000000 0.000000 0.000000 0.000000 0.000000 0.000000 0.000000 0.000000 0.000000 0.000000 0.000000 0.000000 0.000000
      (14 1) 0.001392 0.000000 0.000000 0.000000 0.000000 0.000000 0.000000 0.000000 0.000000 0.001000 0.000000 0.001767 0.000000 0.001031 0.000000 0.000000 0.000000 0.000000 0.001332 0.000000 0.000000 0.000000 0.001340 0.000000 0.000000 0.000000 0.000000 0.000000 0.000000 0.000000 0.000000 0.000000 0.000000 0.000000 0.000000 0.000000 0.000000 0.000000 0.000000 0.000000
      (15 1) 0.000000 0.000000 0.000000 0.005647 0.001934 0.000000 0.000000 0.000000 0.006401 0.000000 0.001335 0.000000 0.000000 0.001391 0.000000 0.000000 0.000000 0.000000 0.001053 0.000000 0.000000 0.000000 0.000000 0.000000 0.000000 0.000000 0.000000 0.000000 0.000000 0.000000 0.000000 0.000000 0.000000 0.000000 0.000000 0.000000 0.000000 0.000000 0.000000 0.000000
      (16 1) 0.001934 0.000000 0.000000 0.000000 0.010222 0.000000 0.011511 0.000000 0.001243 0.000000 0.000000 0.000000 0.000000 0.000000 0.000000 0.000000 0.000000 0.000000 0.002661 0.002373 0.000000 0.003946 0.000000 0.000000 0.000000 0.000000 0.000000 0.000000 0.000000 0.000000 0.000000 0.000000 0.000000 0.000000 0.000000 0.000000 0.000000 0.000000 0.000000 0.000000
      (17 1) 0.000000 0.000000 0.000000 0.000000 0.008430 0.000000 0.000000 0.000000 0.001325 0.002644 0.002980 0.002253 0.001112 0.000000 0.001424 0.000000 0.000000 0.000000 0.000000 0.000000 0.000000 0.000000 0.000000 0.001277 0.000000 0.000000 0.000000 0.000000 0.000000 0.000000 0.000000 0.000000 0.000000 0.000000 0.000000 0.000000 0.000000 0.000000 0.000000 0.000000
      (18 1) 0.000000 0.000000 0.000000 0.000000 0.001030 0.000000 0.000000 0.000000 0.001344 0.005458 0.002580 0.000000 0.000000 0.000000 0.000000 0.000000 0.000000 0.005705 0.000000 0.003687 0.002051 0.000984 0.001180 0.000000 0.000000 0.000000 0.000000 0.000000 0.000000 0.000000 0.000000 0.000000 0.000000 0.000000 0.000000 0.000000 0.000000 0.000000 0.000000 0.000000
      (19 1) 0.000000 0.000000 0.000000 0.001661 0.001093 0.001012 0.000000 0.002049 0.000000 0.000000 0.002776 0.000000 0.000000 0.000000 0.000996 0.024675 0.000000 0.000000 0.000000 0.000000 0.003681 0.000000 0.000000 0.085012 0.000000 0.000000 0.000000 0.000000 0.002350 0.000000 0.000000 0.000000 0.000000 0.001731 0.000000 0.000000 0.000000 0.000000 0.000000 0.000000
      (20 1) 0.007306 0.000000 0.000000 0.000000 0.000000 0.000000 0.000000 0.000000 0.000000 0.000000 0.000000 0.000000 0.000000 0.000000 0.000000 0.001025 0.000000 0.000000 0.000000 0.000000 0.000000 0.000000 0.000000 0.000000 0.000000 0.000000 0.000000 0.000000 0.000000 0.000000 0.000000 0.000000 0.000000 0.000000 0.000000 0.000000 0.000000 0.000000 0.000000 0.000000
      (21 1) 0.000000 0.000000 0.000000 0.000000 0.001182 0.000000 0.001880 0.000000 0.000000 0.001084 0.000000 0.000000 0.000000 0.000000 0.000000 0.000000 0.000000 0.000000 0.000000 0.000000 0.000000 0.000000 0.000000 0.000000 0.006165 0.000000 0.000000 0.000000 0.000000 0.000000 0.000000 0.000000 0.000000 0.000000 0.000000 0.000000 0.000000 0.000000 0.000000 0.000000
      (22 1) 0.000000 0.000000 0.000000 0.000000 0.000000 0.000000 0.000000 0.000000 0.000000 0.000000 0.000000 0.000000 0.000000 0.000000 0.000000 0.000000 0.000000 0.000000 0.000000 0.000000 0.000000 0.000000 0.000000 0.000000 0.000000 0.000000 0.000000 0.000000 0.000000 0.000000 0.000000 0.000000 0.000000 0.000000 0.000000 0.000000 0.000000 0.000000 0.000000 0.000000
      (23 1) 0.000000 0.000000 0.000000 0.000000 0.000000 0.000000 0.000000 0.000000 0.000000 0.000000 0.008402 0.000000 0.000000 0.000000 0.000000 0.000000 0.000000 0.000000 0.000000 0.000000 0.000000 0.007144 0.000000 0.000000 0.000000 0.000000 0.000000 0.000000 0.000000 0.005493 0.000000 0.000000 0.000000 0.000000 0.000000 0.000000 0.000000 0.000000 0.000000 0.000000
      (24 1) 0.000000 0.000000 0.000000 0.000000 0.001908 0.000000 0.000000 0.000000 0.001083 0.000000 0.000000 0.000000 0.001210 0.000000 0.000000 0.000000 0.000000 0.001673 0.000000 0.000000 0.000000 0.000000 0.000000 0.000000 0.000000 0.000000 0.000000 0.000000 0.000000 0.000000 0.000000 0.000000 0.000000 0.000000 0.000000 0.000000 0.000000 0.000000 0.000000 0.000000
      (25 1) 0.000000 0.000000 0.000000 0.000000 0.001230 0.000000 0.000000 0.001416 0.000000 0.000000 0.000000 0.000000 0.002106 0.000000 0.000000 0.000000 0.000000 0.000000 0.000000 0.000000 0.000000 0.000000 0.000000 0.000000 0.000000 0.000000 0.000000 0.000000 0.000000 0.000000 0.000000 0.000000 0.000000 0.000000 0.000000 0.000000 0.000000 0.000000 0.000000 0.000000
      (26 1) 0.000000 0.000000 0.000000 0.000000 0.001058 0.000000 0.000000 0.000000 0.001279 0.030997 0.000000 0.023728 0.000000 0.000000 0.000000 0.000000 0.000000 0.000000 0.000000 0.000000 0.000000 0.000000 0.000000 0.000000 0.000000 0.000000 0.000000 0.000000 0.000000 0.000000 0.000000 0.000000 0.000000 0.000000 0.000000 0.000000 0.000000 0.000000 0.000000 0.000000
      (27 1) 0.000000 0.000000 0.000000 0.000000 0.003622 0.000000 0.000000 0.002774 0.000000 0.000000 0.000000 0.000000 0.000000 0.001614 0.000000 0.000000 0.000000 0.000000 0.000000 0.000000 0.000000 0.000000 0.000000 0.000000 0.000000 0.000000 0.000000 0.000000 0.000000 0.000000 0.000000 0.000000 0.000000 0.000000 0.000000 0.000000 0.000000 0.000000 0.000000 0.000000
      (28 1) 0.000000 0.000000 0.000000 0.000000 0.000000 0.000000 0.002142 0.000000 0.000000 0.002398 0.000000 0.000000 0.000000 0.000975 0.001995 0.000000 0.000000 0.000000 0.000000 0.000000 0.000000 0.000000 0.000000 0.000000 0.000000 0.000000 0.000000 0.000000 0.000000 0.000000 0.000000 0.000000 0.000000 0.000000 0.000000 0.000000 0.000000 0.000000 0.000000 0.000000
      (29 1) 0.000000 0.000000 0.000000 0.000000 0.000000 0.000000 0.000000 0.000000 0.000000 0.000000 0.000000 0.000000 0.001248 0.000000 0.000000 0.000000 0.001731 0.000000 0.002236 0.000000 0.000000 0.000000 0.000000 0.000000 0.000000 0.000000 0.000000 0.000000 0.000000 0.000000 0.000000 0.000000 0.000000 0.000000 0.000000 0.000000 0.000000 0.000000 0.000000 0.000000
      (30 1) 0.000000 0.000000 0.000000 0.000000 0.000000 0.000000 0.000000 0.000000 0.000000 0.000000 0.000000 0.000000 0.000000 0.000000 0.000998 0.015473 0.000000 0.000000 0.000000 0.000000 0.000000 0.000000 0.000000 0.000000 0.000000 0.000000 0.000000 0.000000 0.000000 0.001085 0.000000 0.000000 0.000000 0.000000 0.000000 0.000000 0.000000 0.000000 0.000000 0.000000
      (31 1) 0.001503 0.000000 0.000000 0.000000 0.000000 0.000000 0.000000 0.000000 0.000000 0.000000 0.000000 0.000000 0.000000 0.000000 0.000000 0.000000 0.000000 0.000000 0.000000 0.000000 0.001337 0.000000 0.001307 0.000000 0.000000 0.000000 0.000000 0.000000 0.000000 0.000000 0.000000 0.000000 0.000000 0.000000 0.000000 0.000000 0.000000 0.000000 0.000000 0.000000
      (32 1) 0.000000 0.000000 0.000000 0.000000 0.000000 0.000000 0.000000 0.000000 0.005484 0.000000 0.000000 0.000000 0.002097 0.000000 0.000000 0.000000 0.000000 0.000000 0.000000 0.000000 0.000000 0.000000 0.000000 0.003147 0.000000 0.000000 0.000000 0.000000 0.000000 0.000000 0.000000 0.000000 0.000000 0.000000 0.000000 0.000000 0.000000 0.000000 0.000000 0.000000
      (33 1) 0.000000 0.000000 0.000000 0.000000 0.000000 0.000000 0.010418 0.000000 0.000000 0.000000 0.000000 0.001447 0.000000 0.000000 0.000000 0.000000 0.000000 0.000000 0.000000 0.000000 0.000000 0.000000 0.000000 0.000000 0.000000 0.000000 0.001272 0.000000 0.000000 0.000000 0.000000 0.000000 0.000000 0.000000 0.000000 0.000000 0.000000 0.000000 0.000000 0.000000
      (34 1) 0.000000 0.000000 0.000000 0.000000 0.000000 0.000000 0.000000 0.000000 0.000000 0.000000 0.000000 0.000000 0.000000 0.000000 0.000000 0.000000 0.000000 0.002193 0.000000 0.000000 0.000000 0.000000 0.000000 0.006094 0.000000 0.000000 0.000000 0.000000 0.000000 0.000000 0.000000 0.000000 0.000000 0.000000 0.000000 0.000000 0.000000 0.000000 0.000000 0.000000
      (35 1) 0.000000 0.000000 0.000000 0.000000 0.000000 0.000000 0.000000 0.000000 0.000000 0.000000 0.000000 0.000000 0.002549 0.000000 0.000000 0.000000 0.003063 0.000000 0.000000 0.000000 0.000000 0.000000 0.000000 0.000000 0.000000 0.000000 0.000000 0.000000 0.000000 0.000000 0.001079 0.000000 0.000000 0.000000 0.000000 0.000000 0.000000 0.000000 0.000000 0.000000
      (36 1) 0.000000 0.000000 0.000000 0.000000 0.000000 0.000000 0.000000 0.000000 0.000000 0.000000 0.000000 0.000000 0.000000 0.001106 0.000000 0.000000 0.000000 0.000000 0.000000 0.001521 0.000000 0.000000 0.000000 0.000000 0.000000 0.000000 0.000000 0.000000 0.000000 0.000000 0.000000 0.000000 0.000000 0.000000 0.000000 0.000000 0.000000 0.000000 0.000000 0.000000
      (37 1) 0.002463 0.000000 0.000000 0.000000 0.000000 0.000000 0.000000 0.001037 0.000000 0.000000 0.000000 0.001495 0.001357 0.000000 0.000000 0.000000 0.000000 0.000000 0.000000 0.000000 0.000000 0.000000 0.000000 0.000000 0.000000 0.000000 0.000000 0.000000 0.000000 0.000000 0.000000 0.000000 0.000000 0.000000 0.000000 0.000000 0.000000 0.000000 0.000000 0.000000
      (38 1) 0.000000 0.000000 0.000000 0.000000 0.000000 0.000000 0.000000 0.004815 0.000000 0.000000 0.000000 0.000000 0.000000 0.000000 0.000000 0.000000 0.001127 0.000000 0.000000 0.000000 0.000000 0.000000 0.000000 0.000000 0.000000 0.000000 0.000000 0.000000 0.000000 0.000000 0.000000 0.000000 0.000000 0.000000 0.000000 0.000000 0.000000 0.000000 0.000000 0.000000
      (39 1) 0.000000 0.000000 0.000000 0.000000 0.000000 0.000000 0.000000 0.000000 0.006617 0.000000 0.000000 0.000000 0.000000 0.000000 0.000000 0.000972 0.000000 0.000000 0.000000 0.000000 0.000000 0.000000 0.000000 0.000000 0.000000 0.000000 0.000000 0.000000 0.000000 0.000000 0.000000 0.000000 0.000000 0.000000 0.000000 0.000000 0.000000 0.000000 0.000000 0.000000
   ]
N: [ (0 1) 1 1 1 0 0 1 0 0 0 0 0 0 1 0 0 0 0 0 0 0 0 0 0 0 0 0 0 0 0 0 0 0 0 0 0 0 0 0 0 0
     (1 1) 0 1 0 0 1 0 0 0 0 0 0 0 0 1 0 0 0 0 0 0 0 0 0 0 1 0 0 0 0 0 0 0 0 0 0 0 0 0 0 0
     (2 1) 0 0 1 0 0 0 1 0 1 1 0 1 0 0 0 0 0 0 0 0 0 0 0 0 0 0 0 0 0 0 0 0 0 0 0 0 0 0 0 0
     (3 1) 1 0 1 1 1 1 1 1 0 0 0 1 0 0 1 0 1 0 0 0 0 0 0 0 1 0 0 0 0 0 0 0 0 0 0 0 0 0 0 0
     (4 1) 1 0 0 0 1 0 0 0 0 0 0 0 0 0 1 0 0 0 0 0 0 0 0 0 0 0 0 0 0 0 0 0 0 0 0 0 0 0 0 0
     (5 1) 0 0 1 0 1 1 1 0 1 0 1 0 0 0 0 0 0 1 1 0 0 0 0 0 0 0 0 0 0 0 0 0 0 0 0 0 0 0 0 0
     (6 1) 1 0 0 0 1 0 1 1 0 0 0 0 0 0 1 0 0 1 0 0 0 0 0 0 0 0 0 0 0 0 0 0 0 0 1 0 0 0 0 0
     (7 1) 1 0 0 0 1 1 0 1 1 1 0 0 0 0 1 0 0 0 0 0 0 0 1 0 0 0 0 0 0 0 0 0 0 0 0 0 0 0 0 0
     (8 1) 1 0 0 1 1 0 1 0 1 0 1 0 0 1 1 0 0 0 0 1 0 0 0 1 0 0 0 0 0 0 0 1 0 0 0 0 0 0 0 0
     (9 1) 1 0 0 1 1 1 1 0 1 1 0 1 0 0 0 1 0 0 0 1 0 0 0 0 0 0 0 0 0 0 1 0 0 0 0 0 0 0 0 0
     (10 1) 1 0 1 0 1 0 1 1 0 0 1 0 1 1 1 0 1 0 0 0 0 0 0 0 0 0 0 0 0 0 0 0 0 1 0 0 0 0 0 0
     (11 1) 1 0 0 0 1 0 1 1 1 0 0 1 0 1 0 0 1 0 0 0 0 0 0 1 0 0 0 0 0 0 0 0 0 0 0 0 0 0 0 0
     (12 1) 0 0 0 1 1 0 1 1 1 1 0 0 1 0 1 0 0 0 0 1 0 0 0 0 0 0 0 0 1 0 0 0 0 0 0 0 0 0 0 0
     (13 1) 1 0 0 0 1 0 1 0 0 0 0 0 1 1 0 0 0 0 0 1 0 0 0 0 0 0 0 0 0 0 0 0 0 0 0 0 0 0 0 0
     (14 1) 1 0 0 0 0 0 0 0 0 1 0 1 0 1 1 0 0 0 1 0 0 0 1 0 0 0 0 0 0 0 0 0 0 0 0 0 0 0 0 0
     (15 1) 0 0 0 1 1 0 0 0 1 0 1 0 0 1 0 1 0 0 1 0 0 0 0 0 0 0 0 0 0 0 0 0 0 0 0 0 0 0 0 0
     (16 1) 1 0 0 0 1 0 1 0 1 0 0 0 0 0 0 0 1 0 1 1 0 1 0 0 0 0 0 0 0 0 0 0 0 0 0 0 0 0 0 0
     (17 1) 0 0 0 0 1 0 0 0 1 1 1 1 1 0 1 0 0 1 0 0 0 0 0 1 0 0 0 0 0 0 0 0 0 0 0 0 0 0 0 0
     (18 1) 0 0 0 0 1 0 0 0 1 1 1 0 0 0 0 0 0 1 1 1 1 1 1 0 0 0 0 0 0 0 0 0 0 0 0 0 0 0 0 0
     (19 1) 0 0 0 1 1 1 0 1 0 0 1 0 0 0 1 1 0 0 0 1 1 0 0 1 0 0 0 0 1 0 0 0 0 1 0 0 0 0 0 0
     (20 1) 1 0 0 0 0 0 0 0 0 0 0 0 0 0 0 1 0 0 0 0 1 0 0 0 0 0 0 0 0 0 0 0 0 0 0 0 0 0 0 0
     (21 1) 0 0 0 0 1 0 1 0 0 1 0 0 0 0 0 0 0 0 0 0 0 1 0 0 1 0 0 0 0 0 0 0 0 0 0 0 0 0 0 0
     (22 1) 0 0 0 0 0 0 0 0 0 0 0 0 0 0 0 0 0 0 0 0 0 0 1 0 0 0 0 0 0 0 0 0 0 0 0 0 0 0 0 0
     (23 1) 0 0 0 0 0 0 0 0 0 0 1 0 0 0 0 0 0 0 0 0 0 1 0 1 0 0 0 0 0 1 0 0 0 0 0 0 0 0 0 0
     (24 1) 0 0 0 0 1 0 0 0 1 0 0 0 1 0 0 0 0 1 0 0 0 0 0 0 1 0 0 0 0 0 0 0 0 0 0 0 0 0 0 0
     (25 1) 0 0 0 0 1 0 0 1 0 0 0 0 1 0 0 0 0 0 0 0 0 0 0 0 0 1 0 0 0 0 0 0 0 0 0 0 0 0 0 0
     (26 1) 0 0 0 0 1 0 0 0 1 1 0 1 0 0 0 0 0 0 0 0 0 0 0 0 0 0 1 0 0 0 0 0 0 0 0 0 0 0 0 0
     (27 1) 0 0 0 0 1 0 0 1 0 0 0 0 0 1 0 0 0 0 0 0 0 0 0 0 0 0 0 1 0 0 0 0 0 0 0 0 0 0 0 0
     (28 1) 0 0 0 0 0 0 1 0 0 1 0 0 0 1 1 0 0 0 0 0 0 0 0 0 0 0 0 0 1 0 0 0 0 0 0 0 0 0 0 0
     (29 1) 0 0 0 0 0 0 0 0 0 0 0 0 1 0 0 0 1 0 1 0 0 0 0 0 0 0 0 0 0 1 0 0 0 0 0 0 0 0 0 0
     (30 1) 0 0 0 0 0 0 0 0 0 0 0 0 0 0 1 1 0 0 0 0 0 0 0 0 0 0 0 0 0 1 1 0 0 0 0 0 0 0 0 0
     (31 1) 1 0 0 0 0 0 0 0 0 0 0 0 0 0 0 0 0 0 0 0 1 0 1 0 0 0 0 0 0 0 0 1 0 0 0 0 0 0 0 0
     (32 1) 0 0 0 0 0 0 0 0 1 0 0 0 1 0 0 0 0 0 0 0 0 0 0 1 0 0 0 0 0 0 0 0 1 0 0 0 0 0 0 0
     (33 1) 0 0 0 0 0 0 1 0 0 0 0 1 0 0 0 0 0 0 0 0 0 0 0 0 0 0 1 0 0 0 0 0 0 1 0 0 0 0 0 0
     (34 1) 0 0 0 0 0 0 0 0 0 0 0 0 0 0 0 0 0 1 0 0 0 0 0 1 0 0 0 0 0 0 0 0 0 0 1 0 0 0 0 0
     (35 1) 0 0 0 0 0 0 0 0 0 0 0 0 1 0 0 0 1 0 0 0 0 0 0 0 0 0 0 0 0 0 1 0 0 0 0 1 0 0 0 0
     (36 1) 0 0 0 0 0 0 0 0 0 0 0 0 0 1 0 0 0 0 0 1 0 0 0 0 0 0 0 0 0 0 0 0 0 0 0 0 1 0 0 0
     (37 1) 1 0 0 0 0 0 0 1 0 0 0 1 1 0 0 0 0 0 0 0 0 0 0 0 0 0 0 0 0 0 0 0 0 0 0 0 0 1 0 0
     (38 1) 0 0 0 0 0 0 0 1 0 0 0 0 0 0 0 0 1 0 0 0 0 0 0 0 0 0 0 0 0 0 0 0 0 0 0 0 0 0 1 0
     (39 1) 0 0 0 0 0 0 0 0 1 0 0 0 0 0 0 1 0 0 0 0 0 0 0 0 0 0 0 0 0 0 0 0 0 0 0 0 0 0 0 1
   ]
TR: [ (1) 0.001231 0.003276 0.002724 0.001143 0.002946 0.001889 0.002842 0.001902 0.001055 0.001008 0.001732 0.006647 0.001218 0.001140 0.001113 0.001655 0.029096 0.002007 0.001598 0.001059 0.003601 0.013189 0.001366 0.002483 0.003149 0.001993 0.001126 0.001010 0.002721 0.001710 0.001209 0.001278 0.001376 0.003314 0.001223 0.001720 0.001437 0.002082 0.001270 0.001564]
